MEME version 4

ALPHABET= ACGT

strands: + -

Background letter frequencies
A 0.25 C 0.25 G 0.25 T 0.25


# Direct ERK Target: ATF2_HUMAN.H11MO.0.B
MOTIF ATF2_HUMAN.H11MO.0.B
letter-probability matrix: alength= 4 w= 11 nsites= 500
0.316	0.08800000000000001	0.464	0.132
0.424	0.16599999999999998	0.38399999999999995	0.026
0.02	0.024	0.012	0.9440000000000001
0.016	0.014	0.9400000000000001	0.03
0.904	0.012	0.014	0.07
0.034	0.362	0.24799999999999997	0.356
0.002	0.042	0.934	0.022000000000000002
0.126	0.07200000000000001	0.026000000000000002	0.776
0.158	0.776	0.036000000000000004	0.03
0.876	0.018000000000000002	0.064	0.042
0.06199999999999999	0.25399999999999995	0.184	0.49999999999999994
URL http://hocomoco.autosome.ru/motif/ATF2_HUMAN.H11MO.0.B


# Direct ERK Target: BCL6_HUMAN.H11MO.0.A
MOTIF BCL6_HUMAN.H11MO.0.A
letter-probability matrix: alength= 4 w= 13 nsites= 500
0.16	0.256	0.18999999999999997	0.39399999999999996
0.172	0.12599999999999997	0.414	0.288
0.14400000000000002	0.638	0.138	0.08
0.09399999999999999	0.22399999999999998	0.016	0.6659999999999999
0.038	0.18999999999999997	0.11199999999999999	0.6599999999999999
0.016	0.042	0.026000000000000002	0.916
0.006000000000000001	0.8300000000000001	0.02	0.14400000000000002
0.023999999999999997	0.43399999999999994	0.09399999999999999	0.44799999999999995
0.97	0.014	0.016	0.0
0.17200000000000001	0.002	0.772	0.054
0.026000000000000002	0.07	0.84	0.064
0.836	0.044000000000000004	0.084	0.036000000000000004
0.8200000000000001	0.054	0.07400000000000001	0.052000000000000005
URL http://hocomoco.autosome.ru/motif/BCL6_HUMAN.H11MO.0.A


# Direct ERK Target: CEBPA_HUMAN.H11MO.0.A
MOTIF CEBPA_HUMAN.H11MO.0.A
letter-probability matrix: alength= 4 w= 12 nsites= 500
0.22999999999999998	0.132	0.366	0.272
0.346	0.182	0.46599999999999997	0.006
0.008	0.004	0.006000000000000001	0.982
0.002	0.002	0.27999999999999997	0.716
0.158	0.008	0.62	0.214
0.176	0.118	0.11599999999999999	0.59
0.0	0.0	0.996	0.004
0.156	0.772	0.0	0.07200000000000001
0.984	0.01	0.002	0.004
0.99	0.0	0.008	0.002
0.013999999999999999	0.298	0.176	0.512
0.32	0.332	0.222	0.126
URL http://hocomoco.autosome.ru/motif/CEBPA_HUMAN.H11MO.0.A


# Direct ERK Target: CEBPB_HUMAN.H11MO.0.A
MOTIF CEBPB_HUMAN.H11MO.0.A
letter-probability matrix: alength= 4 w= 12 nsites= 454
0.23788546255506604	0.09911894273127753	0.35242290748898675	0.3105726872246696
0.45374449339207046	0.13215859030837002	0.3876651982378854	0.026431718061674006
0.0	0.0022026431718061676	0.0022026431718061676	0.9955947136563876
0.0	0.0	0.29955947136563876	0.7004405286343612
0.30176211453744495	0.0022026431718061676	0.513215859030837	0.1828193832599119
0.16740088105726875	0.2599118942731278	0.0814977973568282	0.4911894273127753
0.0	0.0	1.0	0.0
0.0814977973568282	0.8986784140969163	0.0	0.019823788546255508
1.0	0.0	0.0	0.0
1.0	0.0	0.0	0.0
0.0	0.24449339207048454	0.1475770925110132	0.6079295154185022
0.3700440528634361	0.3325991189427313	0.1828193832599119	0.1145374449339207
URL http://hocomoco.autosome.ru/motif/CEBPB_HUMAN.H11MO.0.A


# Direct ERK Target: CREM_HUMAN.H11MO.0.C
MOTIF CREM_HUMAN.H11MO.0.C
letter-probability matrix: alength= 4 w= 11 nsites= 30
0.04200819672131148	0.5706967213114758	0.2592213114754099	0.12807377049180294
0.463114754098361	0.20901639344262302	0.327868852459016	0.0
0.2581967213114751	0.4057377049180332	0.26229508196721313	0.07377049180327871
0.0	0.0	0.0	1.0
0.03278688524590161	0.0	0.9672131147540984	0.0
0.9631147540983607	0.03688524590163929	0.0	0.0
0.0327868852459016	0.9016393442622951	0.0655737704918033	0.0
0.217213114754098	0.0	0.782786885245902	0.0
0.10655737704918004	0.03278688524590161	0.0	0.8606557377049184
0.028688524590163904	0.704918032786885	0.22540983606557402	0.040983606557377004
0.8401639344262292	0.10245901639344301	0.0327868852459016	0.0245901639344262
URL http://hocomoco.autosome.ru/motif/CREM_HUMAN.H11MO.0.C


# Direct ERK Target: ELK1_HUMAN.H11MO.0.B
MOTIF ELK1_HUMAN.H11MO.0.B
letter-probability matrix: alength= 4 w= 11 nsites= 500
0.5039999999999999	0.13	0.262	0.104
0.12	0.784	0.09000000000000001	0.006000000000000001
0.124	0.84	0.002	0.034
0.008	0.004	0.986	0.002
0.006000000000000001	0.002	0.992	0.0
0.998	0.002	0.0	0.0
0.986	0.0	0.004	0.01
0.08	0.03	0.8260000000000001	0.064
0.028	0.168	0.028	0.776
0.116	0.11	0.644	0.13
0.318	0.25399999999999995	0.362	0.066
URL http://hocomoco.autosome.ru/motif/ELK1_HUMAN.H11MO.0.B


# Direct ERK Target: ELK4_HUMAN.H11MO.0.A
MOTIF ELK4_HUMAN.H11MO.0.A
letter-probability matrix: alength= 4 w= 12 nsites= 500
0.20199999999999999	0.26	0.43799999999999994	0.09999999999999999
0.368	0.20199999999999999	0.358	0.072
0.058	0.8240000000000001	0.108	0.01
0.048	0.898	0.0	0.054
0.002	0.0	0.994	0.004
0.0	0.0	0.998	0.002
0.996	0.0	0.0	0.004
0.966	0.0	0.0	0.034
0.194	0.036000000000000004	0.728	0.042
0.052	0.26	0.047999999999999994	0.64
0.186	0.106	0.606	0.102
0.238	0.244	0.44	0.078
URL http://hocomoco.autosome.ru/motif/ELK4_HUMAN.H11MO.0.A


# Direct ERK Target: ERG_HUMAN.H11MO.0.A
MOTIF ERG_HUMAN.H11MO.0.A
letter-probability matrix: alength= 4 w= 13 nsites= 500
0.33799999999999997	0.152	0.36	0.15
0.308	0.156	0.45799999999999996	0.078
0.436	0.052000000000000005	0.456	0.056
0.102	0.5599999999999999	0.33399999999999996	0.004
0.866	0.116	0.016	0.002
0.004	0.004	0.986	0.006000000000000001
0.006000000000000001	0.004	0.99	0.0
0.976	0.01	0.01	0.004
0.936	0.002	0.022000000000000002	0.04
0.20400000000000001	0.016	0.778	0.002
0.102	0.31	0.174	0.414
0.22399999999999998	0.16	0.514	0.102
0.262	0.134	0.54	0.064
URL http://hocomoco.autosome.ru/motif/ERG_HUMAN.H11MO.0.A


# Direct ERK Target: ESR1_HUMAN.H11MO.0.A
MOTIF ESR1_HUMAN.H11MO.0.A
letter-probability matrix: alength= 4 w= 15 nsites= 500
0.638	0.047999999999999994	0.26	0.05399999999999999
0.07400000000000001	0.006000000000000001	0.808	0.112
0.046	0.018000000000000002	0.908	0.028
0.09399999999999999	0.072	0.178	0.6559999999999999
0.002	0.888	0.048	0.062
0.856	0.006000000000000001	0.112	0.026000000000000002
0.10799999999999998	0.44199999999999995	0.312	0.13799999999999998
0.39599999999999996	0.604	0.0	0.0
0.182	0.37599999999999995	0.286	0.156
0.10400000000000001	0.078	0.044000000000000004	0.774
0.054	0.034	0.908	0.004
0.618	0.198	0.07	0.114
0.04	0.884	0.014	0.062
0.09000000000000001	0.8220000000000001	0.008	0.08
0.057999999999999996	0.32999999999999996	0.066	0.546
URL http://hocomoco.autosome.ru/motif/ESR1_HUMAN.H11MO.0.A


# Direct ERK Target: ETS1_HUMAN.H11MO.0.A
MOTIF ETS1_HUMAN.H11MO.0.A
letter-probability matrix: alength= 4 w= 13 nsites= 500
0.368	0.178	0.34199999999999997	0.11199999999999999
0.26	0.182	0.472	0.086
0.4799999999999999	0.068	0.424	0.027999999999999997
0.128	0.638	0.228	0.006000000000000001
0.616	0.35	0.034	0.0
0.004	0.0	0.994	0.002
0.012	0.006000000000000001	0.98	0.002
0.992	0.006000000000000001	0.0	0.002
0.8280000000000001	0.01	0.004	0.158
0.184	0.01	0.806	0.0
0.08399999999999999	0.18799999999999997	0.057999999999999996	0.6699999999999999
0.13	0.11199999999999999	0.634	0.12399999999999999
0.13799999999999998	0.12599999999999997	0.628	0.10799999999999998
URL http://hocomoco.autosome.ru/motif/ETS1_HUMAN.H11MO.0.A


# Direct ERK Target: ETV1_HUMAN.H11MO.0.A
MOTIF ETV1_HUMAN.H11MO.0.A
letter-probability matrix: alength= 4 w= 11 nsites= 500
0.15000000000000002	0.244	0.484	0.122
0.32999999999999996	0.134	0.40599999999999997	0.13
0.042	0.8140000000000001	0.14400000000000002	0.0
0.216	0.766	0.002	0.016
0.004	0.0	0.996	0.0
0.0	0.0	1.0	0.0
0.998	0.0	0.002	0.0
0.93	0.004	0.0	0.066
0.07600000000000001	0.036000000000000004	0.868	0.02
0.088	0.304	0.142	0.46599999999999997
0.19399999999999998	0.148	0.526	0.132
URL http://hocomoco.autosome.ru/motif/ETV1_HUMAN.H11MO.0.A


# Direct ERK Target: FOS_HUMAN.H11MO.0.A
MOTIF FOS_HUMAN.H11MO.0.A
letter-probability matrix: alength= 4 w= 9 nsites= 500
0.346	0.21599999999999997	0.36	0.078
0.01	0.018000000000000002	0.01	0.962
0.016	0.034	0.86	0.09000000000000001
0.936	0.008	0.028	0.028
0.116	0.0	0.884	0.0
0.022000000000000002	0.026000000000000002	0.024	0.928
0.042	0.934	0.024	0.0
0.96	0.016	0.012	0.012
0.027999999999999997	0.418	0.264	0.29
URL http://hocomoco.autosome.ru/motif/FOS_HUMAN.H11MO.0.A


# Direct ERK Target: FOXO3_HUMAN.H11MO.0.B
MOTIF FOXO3_HUMAN.H11MO.0.B
letter-probability matrix: alength= 4 w= 10 nsites= 500
0.112	0.394	0.262	0.232
0.057999999999999996	0.366	0.18799999999999997	0.38799999999999996
0.02	0.006000000000000001	0.0	0.974
0.052000000000000005	0.004	0.9420000000000001	0.002
0.0	0.006000000000000001	0.006000000000000001	0.988
0.004	0.002	0.03	0.964
0.002	0.01	0.14	0.848
0.78	0.058	0.02	0.14200000000000002
0.002	0.862	0.008	0.128
0.38399999999999995	0.26	0.046	0.31
URL http://hocomoco.autosome.ru/motif/FOXO3_HUMAN.H11MO.0.B


# Direct ERK Target: HIF1A_HUMAN.H11MO.0.C
MOTIF HIF1A_HUMAN.H11MO.0.C
letter-probability matrix: alength= 4 w= 8 nsites= 500
0.212	0.16399999999999998	0.528	0.09599999999999999
0.23399999999999999	0.049999999999999996	0.418	0.298
0.8260000000000001	0.012	0.156	0.006000000000000001
0.134	0.802	0.01	0.054
0.028	0.002	0.97	0.0
0.008	0.008	0.0	0.984
0.0	0.004	0.994	0.002
0.286	0.522	0.086	0.106
URL http://hocomoco.autosome.ru/motif/HIF1A_HUMAN.H11MO.0.C


# Direct ERK Target: HSF1_HUMAN.H11MO.0.A
MOTIF HSF1_HUMAN.H11MO.0.A
letter-probability matrix: alength= 4 w= 15 nsites= 500
0.14799999999999996	0.22799999999999992	0.22399999999999992	0.4000000000000001
0.42199999999999993	0.05599999999999999	0.4900000000000001	0.031999999999999994
0.012000000000000005	0.006000000000000004	0.978	0.004000000000000003
0.95	0.02000000000000001	0.02000000000000001	0.010000000000000005
0.85	0.034000000000000016	0.05400000000000003	0.06200000000000003
0.244	0.188	0.29600000000000004	0.27199999999999996
0.15599999999999994	0.2779999999999999	0.4040000000000001	0.16199999999999995
0.108	0.08800000000000001	0.05999999999999997	0.744
0.11600000000000005	0.016	0.088	0.7799999999999999
0.05199999999999998	0.9440000000000001	0.004	0.0
0.012000000000000004	0.3200000000000001	0.032000000000000015	0.6359999999999998
0.5639999999999998	0.05999999999999998	0.3680000000000001	0.007999999999999998
0.006000000000000004	0.008000000000000005	0.986	0.0
0.9119999999999999	0.030000000000000013	0.030000000000000013	0.028000000000000014
0.7879999999999999	0.06600000000000003	0.10200000000000005	0.044000000000000025
URL http://hocomoco.autosome.ru/motif/HSF1_HUMAN.H11MO.0.A


# Direct ERK Target: JUN_HUMAN.H11MO.0.A
MOTIF JUN_HUMAN.H11MO.0.A
letter-probability matrix: alength= 4 w= 11 nsites= 500
0.232	0.14400000000000002	0.404	0.22
0.49799999999999994	0.162	0.308	0.032
0.016	0.004	0.018000000000000002	0.962
0.024	0.014	0.922	0.04
0.978	0.004	0.006000000000000001	0.012
0.0	0.0	0.948	0.052000000000000005
0.006000000000000001	0.024	0.008	0.962
0.024	0.956	0.016	0.004
0.976	0.004	0.008	0.012
0.018000000000000002	0.35800000000000004	0.11800000000000001	0.506
0.256	0.378	0.122	0.244
URL http://hocomoco.autosome.ru/motif/JUN_HUMAN.H11MO.0.A


# Direct ERK Target: LYL1_HUMAN.H11MO.0.A
MOTIF LYL1_HUMAN.H11MO.0.A
letter-probability matrix: alength= 4 w= 14 nsites= 453
0.2052980132450331	0.4415011037527594	0.20309050772626933	0.1501103752759382
0.14569536423841062	0.695364238410596	0.026490066225165563	0.13245033112582782
0.6401766004415012	0.05077262693156733	0.046357615894039736	0.26269315673289184
0.057395143487858714	0.1258278145695364	0.49006622516556286	0.32671081677704195
0.13024282560706402	0.7306843267108168	0.04415011037527594	0.09492273730684327
0.10596026490066225	0.0	0.006622516556291392	0.8874172185430463
0.002207505518763797	0.17660044150110377	0.8101545253863135	0.011037527593818985
0.006622516556291391	0.29801324503311255	0.18101545253863133	0.5143487858719646
0.06181015452538632	0.20750551876379691	0.2207505518763797	0.5099337748344371
0.20750551876379691	0.2207505518763797	0.13024282560706402	0.4415011037527594
0.044150110375275935	0.5121412803532008	0.11920529801324502	0.32450331125827814
0.09492273730684327	0.5805739514348787	0.11037527593818985	0.2141280353200883
0.141280353200883	0.18763796909492272	0.18101545253863133	0.49006622516556286
0.11920529801324503	0.2737306843267108	0.37969094922737306	0.22737306843267108
URL http://hocomoco.autosome.ru/motif/LYL1_HUMAN.H11MO.0.A


# Direct ERK Target: MAZ_HUMAN.H11MO.0.A
MOTIF MAZ_HUMAN.H11MO.0.A
letter-probability matrix: alength= 4 w= 22 nsites= 500
0.216	0.14400000000000002	0.504	0.136
0.284	0.023999999999999997	0.6519999999999999	0.04
0.302	0.011999999999999999	0.6739999999999999	0.011999999999999999
0.082	0.018000000000000002	0.866	0.034
0.052000000000000005	0.112	0.8260000000000001	0.01
0.648	0.08800000000000001	0.026000000000000002	0.238
0.054	0.01	0.906	0.03
0.114	0.02	0.852	0.014
0.266	0.034	0.6659999999999999	0.034
0.272	0.008	0.6799999999999999	0.04
0.11399999999999999	0.20199999999999999	0.6559999999999999	0.027999999999999997
0.318	0.134	0.33199999999999996	0.21599999999999997
0.17400000000000002	0.04	0.6980000000000001	0.08800000000000001
0.33399999999999996	0.05399999999999999	0.5539999999999999	0.057999999999999996
0.18999999999999997	0.11999999999999998	0.648	0.041999999999999996
0.366	0.078	0.512	0.044
0.3	0.072	0.57	0.057999999999999996
0.32999999999999996	0.134	0.45599999999999996	0.08
0.26	0.06199999999999999	0.5559999999999999	0.12199999999999998
0.274	0.204	0.44599999999999995	0.076
0.35600000000000004	0.106	0.43	0.108
0.274	0.09799999999999999	0.5619999999999999	0.066
URL http://hocomoco.autosome.ru/motif/MAZ_HUMAN.H11MO.0.A


# Direct ERK Target: MITF_HUMAN.H11MO.0.A
MOTIF MITF_HUMAN.H11MO.0.A
letter-probability matrix: alength= 4 w= 10 nsites= 500
0.05399999999999999	0.23799999999999996	0.11399999999999999	0.594
0.0	0.998	0.002	0.0
0.88	0.026000000000000002	0.012	0.082
0.0	0.73	0.016	0.254
0.004	0.018000000000000002	0.978	0.0
0.004	0.0	0.012	0.984
0.0	0.006000000000000001	0.994	0.0
0.89	0.038000000000000006	0.056	0.016
0.0	0.766	0.046	0.188
0.144	0.524	0.072	0.26
URL http://hocomoco.autosome.ru/motif/MITF_HUMAN.H11MO.0.A


# Direct ERK Target: MYB_HUMAN.H11MO.0.A
MOTIF MYB_HUMAN.H11MO.0.A
letter-probability matrix: alength= 4 w= 12 nsites= 500
0.29400000000000004	0.108	0.41200000000000003	0.186
0.24	0.22	0.41200000000000003	0.128
0.32999999999999996	0.148	0.092	0.42999999999999994
0.27799999999999997	0.006	0.63	0.086
0.378	0.004	0.508	0.11
0.012	0.978	0.008	0.002
0.6080000000000001	0.19	0.08600000000000001	0.116
0.0	0.004	0.994	0.002
0.062	0.124	0.042	0.772
0.0	0.0	0.006000000000000001	0.994
0.288	0.006	0.574	0.132
0.27999999999999997	0.184	0.40599999999999997	0.13
URL http://hocomoco.autosome.ru/motif/MYB_HUMAN.H11MO.0.A


# Direct ERK Target: MYC_HUMAN.H11MO.0.A
MOTIF MYC_HUMAN.H11MO.0.A
letter-probability matrix: alength= 4 w= 11 nsites= 500
0.22	0.21	0.43	0.14
0.168	0.75	0.052000000000000005	0.03
0.02	0.97	0.004	0.006000000000000001
0.872	0.006000000000000001	0.08600000000000001	0.036000000000000004
0.002	0.688	0.004	0.306
0.02	0.022000000000000002	0.956	0.002
0.014	0.038000000000000006	0.0	0.948
0.004	0.008	0.976	0.012
0.05	0.5740000000000001	0.218	0.158
0.19599999999999998	0.19799999999999998	0.16399999999999998	0.44199999999999995
0.068	0.38199999999999995	0.20199999999999999	0.348
URL http://hocomoco.autosome.ru/motif/MYC_HUMAN.H11MO.0.A


# Direct ERK Target: NDF1_HUMAN.H11MO.0.A
MOTIF NDF1_HUMAN.H11MO.0.A
letter-probability matrix: alength= 4 w= 10 nsites= 500
0.434	0.07200000000000001	0.47000000000000003	0.024
0.524	0.208	0.266	0.002
0.022000000000000002	0.976	0.002	0.0
0.998	0.0	0.0	0.002
0.002	0.0	0.974	0.024
0.73	0.22	0.05	0.0
0.008	0.0	0.0	0.992
0.002	0.0	0.992	0.006000000000000001
0.008	0.048	0.768	0.17600000000000002
0.076	0.39599999999999996	0.12599999999999997	0.40199999999999997
URL http://hocomoco.autosome.ru/motif/NDF1_HUMAN.H11MO.0.A


# Direct ERK Target: NR4A2_HUMAN.H11MO.0.C
MOTIF NR4A2_HUMAN.H11MO.0.C
letter-probability matrix: alength= 4 w= 9 nsites= 33
0.6701136401535692	0.06299242110754133	0.22834596482076475	0.03854797391812475
0.8690782987522404	0.0	0.07709594783624954	0.053825753411510066
0.9614520260818751	0.0	0.038547973918124805	0.0
0.0	0.0	0.9431186906898128	0.056881309310187186
0.03854797391812478	0.0	0.9308964670951047	0.030555558986770686
0.024444447189416584	0.1534848453031759	0.0	0.8220707075074074
0.0	0.909507575804365	0.0	0.090492424195635
1.0	0.0	0.0	0.0
0.18439392947460792	0.4390656446187898	0.3093181961357069	0.06722222977089547
URL http://hocomoco.autosome.ru/motif/NR4A2_HUMAN.H11MO.0.C


# Direct ERK Target: PDX1_HUMAN.H11MO.0.A
MOTIF PDX1_HUMAN.H11MO.0.A
letter-probability matrix: alength= 4 w= 9 nsites= 494
0.19230769230769232	0.004048582995951417	0.030364372469635626	0.7732793522267207
0.07692307692307693	0.026315789473684213	0.8582995951417004	0.038461538461538464
0.9534412955465588	0.01821862348178138	0.004048582995951417	0.024291497975708502
0.02834008097165992	0.14979757085020243	0.06275303643724696	0.7591093117408907
0.18016194331983804	0.014170040485829958	0.145748987854251	0.659919028340081
0.16194331983805668	0.06477732793522267	0.7530364372469635	0.020242914979757085
0.8927125506072875	0.06072874493927125	0.03441295546558705	0.012145748987854251
0.05668016194331983	0.06477732793522267	0.15587044534412955	0.7226720647773279
0.06882591093117409	0.07692307692307691	0.562753036437247	0.291497975708502
URL http://hocomoco.autosome.ru/motif/PDX1_HUMAN.H11MO.0.A


# Direct ERK Target: PPARG_HUMAN.H11MO.0.A
MOTIF PPARG_HUMAN.H11MO.0.A
letter-probability matrix: alength= 4 w= 17 nsites= 500
0.47000000000000003	0.254	0.164	0.112
0.48799999999999993	0.026	0.12599999999999997	0.36
0.092	0.36000000000000004	0.418	0.13
0.10999999999999999	0.12199999999999998	0.208	0.5599999999999999
0.38799999999999996	0.022	0.536	0.05399999999999999
0.068	0.0	0.84	0.092
0.128	0.026000000000000002	0.8	0.046
0.09999999999999999	0.12199999999999998	0.42999999999999994	0.348
0.055999999999999994	0.5519999999999999	0.302	0.09
0.898	0.018000000000000002	0.068	0.016
0.574	0.047999999999999994	0.33399999999999996	0.044
0.79	0.006000000000000001	0.198	0.006000000000000001
0.07200000000000001	0.006000000000000001	0.892	0.03
0.068	0.004	0.804	0.124
0.052	0.076	0.32	0.5519999999999999
0.12	0.618	0.17800000000000002	0.084
0.754	0.06	0.116	0.07
URL http://hocomoco.autosome.ru/motif/PPARG_HUMAN.H11MO.0.A


# Direct ERK Target: RARG_HUMAN.H11MO.0.B
MOTIF RARG_HUMAN.H11MO.0.B
letter-probability matrix: alength= 4 w= 18 nsites= 500
0.576	0.018	0.38799999999999996	0.018
0.17600000000000002	0.006000000000000001	0.756	0.062
0.14	0.006000000000000001	0.846	0.008
0.064	0.01	0.134	0.7919999999999999
0.014	0.888	0.036000000000000004	0.062
0.92	0.012	0.052000000000000005	0.016
0.186	0.32999999999999996	0.37599999999999995	0.10799999999999998
0.43	0.29200000000000004	0.242	0.036000000000000004
0.298	0.186	0.43999999999999995	0.076
0.206	0.12599999999999997	0.10799999999999998	0.5599999999999999
0.09399999999999999	0.16599999999999998	0.6859999999999999	0.05399999999999999
0.40800000000000003	0.22	0.23	0.14200000000000002
0.228	0.616	0.096	0.06
0.296	0.592	0.041999999999999996	0.06999999999999999
0.13999999999999999	0.22599999999999998	0.146	0.48799999999999993
0.17800000000000002	0.164	0.456	0.202
0.27	0.112	0.48	0.138
0.312	0.23399999999999999	0.33999999999999997	0.11399999999999999
URL http://hocomoco.autosome.ru/motif/RARG_HUMAN.H11MO.0.B


# Direct ERK Target: RORA_HUMAN.H11MO.0.C
MOTIF RORA_HUMAN.H11MO.0.C
letter-probability matrix: alength= 4 w= 13 nsites= 500
0.534	0.228	0.14600000000000002	0.092
0.44799999999999995	0.13	0.09799999999999999	0.324
0.16	0.39399999999999996	0.274	0.172
0.25199999999999995	0.06999999999999999	0.16399999999999998	0.514
0.5499999999999999	0.016	0.424	0.01
0.07200000000000001	0.004	0.882	0.042
0.02	0.006000000000000001	0.948	0.026000000000000002
0.074	0.172	0.24199999999999997	0.512
0.002	0.95	0.044000000000000004	0.004
0.962	0.008	0.01	0.02
0.34400000000000003	0.122	0.456	0.078
0.29800000000000004	0.078	0.426	0.198
0.204	0.09999999999999999	0.61	0.086
URL http://hocomoco.autosome.ru/motif/RORA_HUMAN.H11MO.0.C


# Direct ERK Target: RUNX1_HUMAN.H11MO.0.A
MOTIF RUNX1_HUMAN.H11MO.0.A
letter-probability matrix: alength= 4 w= 11 nsites= 500
0.11399999999999999	0.212	0.302	0.372
0.15	0.47	0.038	0.34199999999999997
0.07	0.008	0.026000000000000002	0.896
0.002	0.006000000000000001	0.976	0.016
0.032	0.08600000000000001	0.01	0.872
0.0	0.0	0.994	0.006000000000000001
0.004	0.002	0.99	0.004
0.004	0.08600000000000001	0.034	0.876
0.028	0.156	0.04	0.776
0.284	0.04	0.11199999999999999	0.564
0.13799999999999998	0.352	0.24599999999999997	0.264
URL http://hocomoco.autosome.ru/motif/RUNX1_HUMAN.H11MO.0.A


# Direct ERK Target: RUNX2_HUMAN.H11MO.0.A
MOTIF RUNX2_HUMAN.H11MO.0.A
letter-probability matrix: alength= 4 w= 14 nsites= 500
0.172	0.076	0.316	0.43599999999999994
0.092	0.13	0.522	0.256
0.11399999999999999	0.13	0.292	0.46399999999999997
0.12199999999999998	0.39799999999999996	0.176	0.304
0.068	0.01	0.016	0.906
0.008	0.016	0.924	0.052000000000000005
0.034	0.028	0.026000000000000002	0.912
0.002	0.0	0.998	0.0
0.002	0.004	0.974	0.02
0.018	0.146	0.11199999999999999	0.724
0.032	0.13799999999999998	0.16	0.6699999999999999
0.176	0.026	0.19199999999999998	0.606
0.11399999999999999	0.10999999999999999	0.38799999999999996	0.38799999999999996
0.09799999999999999	0.13	0.37999999999999995	0.39199999999999996
URL http://hocomoco.autosome.ru/motif/RUNX2_HUMAN.H11MO.0.A


# Direct ERK Target: RXRA_HUMAN.H11MO.0.A
MOTIF RXRA_HUMAN.H11MO.0.A
letter-probability matrix: alength= 4 w= 20 nsites= 500
0.254	0.224	0.40800000000000003	0.114
0.30200000000000005	0.092	0.41400000000000003	0.192
0.156	0.088	0.606	0.15
0.23799999999999996	0.092	0.368	0.302
0.244	0.242	0.376	0.138
0.468	0.042	0.318	0.17200000000000001
0.202	0.14400000000000002	0.48	0.17400000000000002
0.286	0.18	0.33599999999999997	0.19799999999999998
0.236	0.346	0.33599999999999997	0.08199999999999999
0.58	0.029999999999999995	0.26	0.13
0.348	0.068	0.5559999999999999	0.027999999999999997
0.704	0.013999999999999999	0.274	0.008
0.066	0.01	0.91	0.014
0.016	0.04	0.848	0.096
0.047999999999999994	0.034	0.3	0.618
0.044000000000000004	0.79	0.114	0.052000000000000005
0.908	0.036000000000000004	0.038000000000000006	0.018000000000000002
0.254	0.17600000000000002	0.454	0.116
0.39599999999999996	0.12399999999999999	0.314	0.16599999999999998
0.24399999999999997	0.144	0.534	0.078
URL http://hocomoco.autosome.ru/motif/RXRA_HUMAN.H11MO.0.A


# Direct ERK Target: SMAD2_HUMAN.H11MO.0.A
MOTIF SMAD2_HUMAN.H11MO.0.A
letter-probability matrix: alength= 4 w= 12 nsites= 500
0.21399999999999997	0.074	0.047999999999999994	0.6639999999999999
0.044000000000000004	0.07400000000000001	0.854	0.028
0.052	0.11999999999999998	0.146	0.6819999999999999
0.004	0.966	0.008	0.022000000000000002
0.02	0.02	0.0	0.96
0.12199999999999998	0.21599999999999997	0.604	0.057999999999999996
0.162	0.268	0.24999999999999997	0.32
0.032	0.9	0.028	0.04
0.536	0.118	0.05399999999999999	0.292
0.048	0.804	0.11	0.038000000000000006
0.16	0.6040000000000001	0.008	0.228
0.092	0.262	0.10799999999999998	0.538
URL http://hocomoco.autosome.ru/motif/SMAD2_HUMAN.H11MO.0.A


# Direct ERK Target: SMAD3_HUMAN.H11MO.0.B
MOTIF SMAD3_HUMAN.H11MO.0.B
letter-probability matrix: alength= 4 w= 12 nsites= 500
0.16399999999999998	0.364	0.314	0.158
0.10999999999999999	0.272	0.16799999999999998	0.44999999999999996
0.064	0.6960000000000001	0.06	0.18000000000000002
0.216	0.004	0.014	0.766
0.06999999999999999	0.294	0.5539999999999999	0.08199999999999999
0.212	0.312	0.106	0.37
0.038000000000000006	0.87	0.008	0.084
0.46599999999999997	0.118	0.022	0.39399999999999996
0.008	0.566	0.33199999999999996	0.09399999999999999
0.032	0.912	0.014	0.042
0.352	0.055999999999999994	0.004	0.588
0.07200000000000001	0.272	0.494	0.162
URL http://hocomoco.autosome.ru/motif/SMAD3_HUMAN.H11MO.0.B


# Direct ERK Target: SMAD4_HUMAN.H11MO.0.B
MOTIF SMAD4_HUMAN.H11MO.0.B
letter-probability matrix: alength= 4 w= 13 nsites= 497
0.2193158953722334	0.448692152917505	0.20321931589537223	0.12877263581488935
0.3078470824949698	0.10060362173038229	0.05231388329979879	0.5392354124748491
0.018108651911468814	0.01006036217303823	0.9456740442655935	0.026156941649899398
0.04627766599597585	0.04627766599597585	0.17706237424547283	0.7303822937625754
0.002012072434607646	0.9818913480885312	0.008048289738430584	0.008048289738430584
0.002012072434607646	0.006036217303822939	0.002012072434607646	0.9899396378269618
0.1448692152917505	0.21126760563380279	0.5975855130784709	0.04627766599597585
0.193158953722334	0.14688128772635814	0.3702213279678068	0.289738430583501
0.028169014084507043	0.9396378269617707	0.01609657947686117	0.01609657947686117
0.7122736418511066	0.052313883299798795	0.09255533199195172	0.14285714285714288
0.052313883299798795	0.6961770623742455	0.18913480885311873	0.06237424547283702
0.1348088531187123	0.5734406438631792	0.06438631790744467	0.22736418511066397
0.13682092555331993	0.20925553319919515	0.09456740442655935	0.5593561368209256
URL http://hocomoco.autosome.ru/motif/SMAD4_HUMAN.H11MO.0.B


# Direct ERK Target: SNAI2_HUMAN.H11MO.0.A
MOTIF SNAI2_HUMAN.H11MO.0.A
letter-probability matrix: alength= 4 w= 10 nsites= 500
0.4	0.07200000000000001	0.426	0.10200000000000001
0.42999999999999994	0.004	0.564	0.002
0.002	0.998	0.0	0.0
1.0	0.0	0.0	0.0
0.0	0.0	1.0	0.0
0.0	0.0	1.0	0.0
0.0	0.0	0.0	1.0
0.0	0.0	0.994	0.006000000000000001
0.004	0.562	0.21	0.224
0.374	0.232	0.188	0.20600000000000002
URL http://hocomoco.autosome.ru/motif/SNAI2_HUMAN.H11MO.0.A


# Direct ERK Target: SP1_HUMAN.H11MO.0.A
MOTIF SP1_HUMAN.H11MO.0.A
letter-probability matrix: alength= 4 w= 22 nsites= 499
0.31462925851703405	0.2064128256513026	0.33266533066132264	0.1462925851703407
0.19238476953907815	0.1002004008016032	0.6693386773547094	0.038076152304609215
0.04408817635270541	0.008016032064128258	0.8096192384769539	0.13827655310621242
0.05811623246492986	0.008016032064128258	0.9338677354709419	0.0
0.0	0.008016032064128258	0.9919839679358717	0.0
0.004008016032064129	0.0	0.9959919839679359	0.0
0.03206412825651303	0.9539078156312625	0.004008016032064129	0.010020040080160322
0.010020040080160322	0.0	0.9879759519038076	0.0020040080160320644
0.0020040080160320644	0.008016032064128258	0.9258517034068137	0.06412825651302606
0.06613226452905813	0.0020040080160320644	0.9158316633266533	0.016032064128256515
0.018036072144288578	0.03006012024048096	0.9118236472945892	0.04008016032064129
0.06012024048096192	0.8677354709418837	0.014028056112224449	0.05811623246492986
0.05811623246492986	0.5951903807615231	0.1903807615230461	0.15631262525050102
0.14428857715430862	0.11222444889779558	0.4629258517034068	0.280561122244489
0.08216432865731463	0.17635270541082163	0.7054108216432865	0.036072144288577156
0.11422845691382764	0.16633266533066132	0.6813627254509017	0.038076152304609215
0.16032064128256512	0.19639278557114226	0.5751503006012024	0.06813627254509018
0.08817635270541081	0.2665330661322645	0.5871743486973948	0.058116232464929855
0.12024048096192383	0.23246492985971942	0.5811623246492986	0.06613226452905811
0.11823647294589178	0.14428857715430862	0.6292585170340681	0.10821643286573145
0.12024048096192384	0.12024048096192384	0.7054108216432866	0.05410821643286573
0.1683366733466934	0.18637274549098196	0.6092184368737474	0.036072144288577156
URL http://hocomoco.autosome.ru/motif/SP1_HUMAN.H11MO.0.A


# Direct ERK Target: SP3_HUMAN.H11MO.0.B
MOTIF SP3_HUMAN.H11MO.0.B
letter-probability matrix: alength= 4 w= 20 nsites= 415
0.20760542168674703	0.226430722891566	0.418599397590362	0.147364457831325
0.175602409638554	0.21837349397590297	0.47484939759036204	0.131174698795181
0.22801204819277074	0.22003012048192774	0.43900602409638556	0.11295180722891587
0.27620481927710805	0.21927710843373502	0.38930722891566305	0.11521084337349403
0.17183734939758974	0.1996987951807227	0.5546686746987962	0.07379518072289139
0.1207831325301199	0.07499999999999993	0.6382530120481933	0.16596385542168687
0.13855421686747021	0.0024096385542168738	0.8548192771084334	0.004216867469879527
0.0024096385542168794	0.010240963855421741	0.9774096385542169	0.00993975903614461
0.009638554216867507	0.019578313253012077	0.9662650602409638	0.004518072289156638
0.2344879518072286	0.627560240963856	0.050602409638554106	0.08734939759036124
0.04442771084337359	0.034337349397590464	0.8902108433734937	0.03102409638554226
0.007228915662650615	0.014759036144578332	0.8716867469879519	0.10632530120481923
0.18945783132530103	0.03493975903614461	0.7192771084337352	0.056325301204819204
0.09518072289156625	0.13313253012048207	0.7346385542168673	0.03704819277108432
0.11415662650602384	0.5539156626506032	0.23915662650602368	0.09277108433734926
0.11204819277108409	0.3671686746987953	0.3155120481927713	0.20527108433734922
0.257530120481927	0.132981927710843	0.449849397590362	0.15963855421686798
0.20060240963855402	0.16746987951807202	0.515813253012049	0.11611445783132501
0.163855421686747	0.265060240963855	0.455572289156627	0.115512048192771
0.18207831325301202	0.24186746987951802	0.4498493975903621	0.12620481927710803
URL http://hocomoco.autosome.ru/motif/SP3_HUMAN.H11MO.0.B


# Direct ERK Target: STAT1_HUMAN.H11MO.0.A
MOTIF STAT1_HUMAN.H11MO.0.A
letter-probability matrix: alength= 4 w= 19 nsites= 500
0.202	0.428	0.12	0.25
0.094	0.5680000000000001	0.17	0.168
0.132	0.556	0.11	0.202
0.29400000000000004	0.35600000000000004	0.20400000000000001	0.14600000000000002
0.086	0.206	0.09999999999999999	0.608
0.002	0.016	0.004	0.978
0.008	0.006000000000000001	0.012	0.974
0.03	0.964	0.002	0.004
0.038000000000000006	0.8220000000000001	0.002	0.138
0.23399999999999999	0.304	0.142	0.32
0.268	0.026	0.6819999999999999	0.023999999999999997
0.032	0.014	0.804	0.15000000000000002
0.9440000000000001	0.038000000000000006	0.01	0.008
0.988	0.002	0.004	0.006000000000000001
0.5800000000000001	0.106	0.232	0.082
0.274	0.19599999999999998	0.10999999999999999	0.42
0.058	0.5880000000000001	0.248	0.106
0.34199999999999997	0.262	0.068	0.32799999999999996
0.134	0.534	0.138	0.194
URL http://hocomoco.autosome.ru/motif/STAT1_HUMAN.H11MO.0.A


# Direct ERK Target: TAL1_HUMAN.H11MO.0.A
MOTIF TAL1_HUMAN.H11MO.0.A
letter-probability matrix: alength= 4 w= 19 nsites= 500
0.10200000000000001	0.5720000000000001	0.16	0.166
0.06999999999999999	0.148	0.152	0.63
0.034	0.036000000000000004	0.7200000000000001	0.21
0.058	0.27	0.484	0.188
0.186	0.22599999999999998	0.324	0.264
0.23	0.226	0.364	0.18000000000000002
0.214	0.214	0.386	0.186
0.192	0.21	0.406	0.192
0.154	0.308	0.318	0.21999999999999997
0.29	0.16999999999999998	0.37799999999999995	0.162
0.118	0.4739999999999999	0.32799999999999996	0.08
0.64	0.032	0.008	0.32
0.002	0.002	0.996	0.0
1.0	0.0	0.0	0.0
0.004	0.0	0.002	0.994
0.95	0.002	0.012	0.036000000000000004
0.8220000000000001	0.016	0.14800000000000002	0.014
0.144	0.16399999999999998	0.634	0.057999999999999996
0.29	0.21799999999999997	0.414	0.078
URL http://hocomoco.autosome.ru/motif/TAL1_HUMAN.H11MO.0.A


# Direct ERK Target: TGIF1_HUMAN.H11MO.0.A
MOTIF TGIF1_HUMAN.H11MO.0.A
letter-probability matrix: alength= 4 w= 7 nsites= 500
0.16599999999999998	0.032	0.09799999999999999	0.704
0.004	0.004	0.988	0.004
0.912	0.002	0.08600000000000001	0.0
0.078	0.8140000000000001	0.09000000000000001	0.018000000000000002
0.988	0.002	0.002	0.008
0.08800000000000001	0.07600000000000001	0.8240000000000001	0.012
0.118	0.44599999999999995	0.316	0.11999999999999998
URL http://hocomoco.autosome.ru/motif/TGIF1_HUMAN.H11MO.0.A

